0.06965986394557823
0.25541950113378686
0.44117913832199546
0.626938775510204
0.7894784580498866
0.9752380952380952
1.1377777777777778
1.3003174603174603
1.486077097505669
1.6486167800453515
1.811156462585034
2.020136054421769
2.159455782312925
2.345215419501134
2.5309750566893423
2.670294784580499
3.0418140589569163
3.2043537414965986
3.3901133786848074
3.5526530612244898
3.7151927437641725
3.900952380952381
4.063492063492063
4.4117913832199545
4.574331065759637
4.73687074829932
4.922630385487528
5.085170068027211
5.270929705215419
5.433469387755102
5.7817687074829935
5.944308390022676
6.130068027210885
6.292607709750567
6.478367346938776
6.640907029478458
6.826666666666667
7.151746031746032
7.337505668934241
7.500045351473923
7.685804988662132
7.848344671201814
8.057324263038549
8.196643990929704
8.544943310657596
8.70748299319728
8.893242630385487
9.05578231292517
9.241541950113378
9.404081632653062
9.566621315192744
