0.06965986394557823
0.2786394557823129
0.5108390022675737
0.7430385487528345
0.9752380952380952
1.230657596371882
1.4628571428571429
1.7182766439909296
1.9504761904761905
2.2058956916099772
2.4380952380952383
2.670294784580499
2.9257142857142857
3.1579138321995464
3.3901133786848074
3.645532879818594
3.877732426303855
4.1099319727891155
4.365351473922902
4.597551020408163
4.85297052154195
5.061950113378685
5.317369614512471
5.572789115646258
5.804988662131519
6.03718820861678
6.2693877551020405
6.501587301587302
6.757006802721088
6.989206349206349
7.244625850340136
7.500045351473923
