0.06965986394557823
0.16253968253968254
0.2089795918367347
0.4179591836734694
0.5108390022675737
0.7198185941043084
0.8591383219954648
1.207437641723356
1.3931972789115645
1.555736961451247
1.7647165532879818
1.9272562358276644
2.066575963718821
2.2523356009070294
2.5309750566893423
2.7631746031746034
2.948934240362812
3.111473922902494
3.297233560090703
3.436553287981859
3.6687528344671203
3.9706122448979593
4.156371882086168
4.31891156462585
4.504671201814059
4.6439909297052155
4.85297052154195
5.015510204081632
5.363809523809524
5.456689342403628
5.526349206349207
5.688888888888889
5.851428571428571
5.897868480725624
6.03718820861678
6.199727891156463
6.3854875283446715
6.733786848072563
6.896326530612245
7.082086167800454
7.267845804988662
7.4071655328798185
7.546485260770975
7.732244897959184
7.778684807256236
8.034104308390022
8.243083900226758
8.289523809523809
8.475283446712018
8.614603174603175
8.800362811791382
8.962902494331066
9.148662131519274
9.47374149659864
